100
1 1 1 10
1 2 3 2
1 1 3 2
1 2 3 1
9 9 10 3
1 2 2 7
1 1 10 3
3 4 4 1
2 3 3 1
7 8 9 9
1 4 8 8
1 1 1 2
1 1 2 9
1 2 9 4
1 1 10 6
2 6 9 9
3 7 10 8
2 3 3 3
1 1 6 3
2 6 6 7
1 1 1 1
4 6 7 9
1 1 1 8
2 3 4 6
6 6 8 8
1 2 3 10
10 10 10 1
2 3 3 2
9 9 10 9
3 6 9 4
4 4 5 3
7 8 9 10
10 10 10 10
1 1 10 1
7 8 9 3
1 10 10 1
1 10 10 2
4 6 6 1
7 8 9 2
2 3 6 1
4 5 5 9
10 10 10 2
3 6 6 4
1 1 2 3
1 1 7 1
4 5 5 7
3 5 10 6
9 9 10 2
3 3 7 4
2 2 2 2
1 1 10 2
1 2 2 1
6 6 6 8
2 4 5 6
1 1 2 10
2 2 2 1
1 10 10 3
1 10 10 9
1 1 1 7
1 1 10 4
1 1 3 4
1 1 1 4
1 1 10 10
10 10 10 9
9 9 10 1
1 4 6 6
6 6 9 2
2 3 6 2
2 2 2 6
8 10 10 2
2 2 5 5
9 9 10 10
2 3 3 9
2 2 3 9
1 1 3 3
4 5 6 7
2 5 10 6
1 1 6 2
1 1 1 9
1 1 2 4
1 1 5 5
4 4 4 9
2 3 3 10
1 1 10 9
2 5 9 1
3 3 5 4
2 5 5 6
6 6 10 5
1 1 2 6
2 3 7 7
4 5 6 8
2 4 9 2
2 6 7 2
2 2 5 2
1 3 3 7
7 8 9 1
1 6 7 5
10 10 10 3
1 10 10 10
1 2 2 10
