979 69
8 10 10 7 5 3 10 5 10 8 4 3 7 8 7 9 3 10 9 9 7 1 8 7 10 2 6 10 4 7 7 2 7 9 8 2 3 5 3 3 1 6 1 1 1 8 5 9 8 10 5 7 5 2 4 4 2 10 9 3 8 3 2 5 6 6 5 4 8 5 1 1 5 4 7 2 8 6 2 3 8 1 1 10 6 3 10 3 8 9 5 9 1 3 5 8 2 1 8 1 9 2 1 2 3 2 10 7 8 9 4 2 8 9 5 2 9 3 10 8 4 7 6 8 8 6 8 6 5 2 1 3 8 2 2 10 4 7 7 9 5 4 8 5 8 4 6 1 9 9 3 9 6 2 10 6 7 3 1 6 7 10 3 4 4 8 6 6 10 3 7 3 2 6 4 5 3 10 1 5 8 10 3 10 6 5 10 8 4 5 9 1 5 3 6 3 5 5 1 6 8 7 8 10 3 8 8 3 2 9 2 1 2 8 9 7 6 8 5 5 5 4 8 1 4 8 8 6 8 3 7 5 1 3 4 6 3 5 4 5 1 1 3 5 10 1 5 2 7 6 10 7 1 4 5 2 9 2 9 9 9 10 10 8 6 7 5 6 1 9 2 7 2 7 4 5 8 4 4 2 4 6 4 4 3 8 5 8 6 2 9 2 2 1 2 1 5 9 8 3 3 4 7 9 9 2 7 10 9 8 5 6 8 9 10 2 2 8 1 2 1 7 2 5 1 6 6 2 4 1 8 2 7 7 4 4 1 2 10 2 6 6 2 5 8 6 5 4 8 1 6 8 2 3 8 1 6 4 5 9 1 1 1 5 9 2 1 4 5 1 7 10 4 5 8 10 9 8 10 4 3 10 5 5 2 5 1 9 9 1 10 10 7 8 10 9 10 4 2 7 2 10 4 9 10 5 10 8 4 10 4 7 6 5 1 9 4 2 7 7 3 8 7 5 9 5 7 1 3 7 3 9 2 8 2 9 2 7 4 4 8 3 9 9 2 8 5 7 9 8 5 8 9 6 2 4 2 7 3 9 8 6 10 6 2 4 5 6 4 7 7 2 8 9 7 3 9 2 2 10 9 3 4 5 10 8 6 2 1 2 8 4 5 4 3 6 6 8 1 9 9 7 5 9 5 10 6 1 6 8 10 1 10 4 7 4 3 9 6 5 9 1 5 9 1 1 4 9 1 8 2 5 5 7 7 1 7 10 3 3 10 7 1 6 1 6 10 3 4 6 1 9 5 4 7 7 7 10 4 9 4 9 4 9 7 8 4 7 4 6 2 9 4 1 3 8 7 6 4 8 10 5 5 4 4 8 2 5 1 7 8 6 6 7 10 4 1 1 6 5 9 6 3 4 8 5 4 2 4 10 6 5 4 3 9 1 3 2 1 5 2 4 2 9 8 1 9 10 4 10 10 7 5 8 8 6 5 3 5 3 5 7 7 3 6 10 1 1 6 2 6 1 7 10 5 9 9 2 9 9 2 2 4 7 6 3 1 4 10 10 9 2 5 7 5 1 8 1 10 1 5 7 1 5 9 1 3 3 2 10 2 2 8 9 10 2 10 7 4 9 10 6 10 9 7 3 9 3 7 5 10 4 6 6 5 5 5 2 10 10 3 3 2 6 9 8 6 9 9 7 7 9 7 6 2 10 5 7 2 8 8 7 4 9 5 2 7 6 7 8 4 6 2 9 9 6 10 3 2 10 8 5 6 10 1 4 6 5 4 3 3 8 8 1 2 2 6 6 8 2 4 5 5 3 4 8 4 8 10 6 6 7 8 8 5 2 8 10 6 1 4 10 4 10 5 8 1 1 9 3 1 2 6 10 5 2 6 9 9 3 8 6 1 8 1 10 4 7 4 7 4 4 2 10 4 8 6 7 6 7 5 2 2 3 8 6 1 8 9 7 9 1 8 3 10 7 8 3 7 8 9 7 3 4 6 6 5 4 1 3 1 2 9 1 1 8 6 1 5 4 2 3 10 2 2 6 6 1 7 5 8 1 4 8 7 2 1 6 7 10 9 3 4 6 8 3 1 2 10 9 6 7 10 9 5 6 9 10 3 10 10 5 10 7 4 1 5 4 4 2 6 9 10 3 3 7 8 8 8 8 8 1 9 3 1 10 3 1 1 3 5 7 7 3 2 10 4 5 4 2 7 7 2 7 9 1 9 6 10 7 10 3 2 4 6 2 8 6 6 
2 1
3 1
4 2
5 1
6 5
7 5
8 4
9 6
10 3
11 9
12 8
13 9
14 10
15 10
16 15
17 13
18 12
19 16
20 14
21 12
22 20
23 6
24 3
25 2
26 11
27 26
28 8
29 7
30 13
31 29
32 14
33 22
34 33
35 16
36 35
37 21
38 32
39 11
40 20
41 32
42 37
43 24
44 19
45 17
46 21
47 18
48 30
49 48
50 37
51 43
52 42
53 28
54 46
55 25
56 54
57 25
58 29
59 58
60 39
61 27
62 51
63 31
64 27
65 50
66 38
67 33
68 58
69 52
70 51
71 31
72 26
73 41
74 28
75 49
76 43
77 46
78 24
79 44
80 39
81 56
82 62
83 19
84 63
85 81
86 70
87 23
88 38
89 87
90 50
91 36
92 53
93 35
94 67
95 67
96 81
97 83
98 64
99 86
100 91
101 86
102 65
103 53
104 7
105 94
106 89
107 55
108 70
109 65
110 40
111 100
112 34
113 72
114 97
115 62
116 110
117 78
118 18
119 48
120 76
121 44
122 30
123 101
124 111
125 105
126 125
127 87
128 104
129 85
130 103
131 56
132 64
133 59
134 103
135 4
136 40
137 54
138 23
139 123
140 127
141 125
142 72
143 94
144 141
145 22
146 76
147 124
148 36
149 34
150 112
151 63
152 116
153 60
154 153
155 71
156 139
157 79
158 71
159 134
160 129
161 42
162 110
163 83
164 45
165 159
166 96
167 112
168 61
169 115
170 160
171 111
172 115
173 160
174 55
175 126
176 135
177 106
178 137
179 133
180 170
181 77
182 105
183 107
184 120
185 174
186 61
187 97
188 170
189 172
190 168
191 135
192 181
193 90
194 148
195 108
196 79
197 190
198 134
199 197
200 144
201 166
202 153
203 132
204 173
205 179
206 202
207 184
208 196
209 80
210 117
211 143
212 149
213 176
214 142
215 41
216 100
217 150
218 89
219 142
220 69
221 184
222 73
223 123
224 177
225 168
226 207
227 102
228 57
229 202
230 57
231 77
232 141
233 198
234 119
235 136
236 176
237 173
238 177
239 107
240 102
241 236
242 197
243 131
244 113
245 172
246 218
247 227
248 124
249 237
250 231
251 212
252 179
253 155
254 218
255 84
256 180
257 238
258 144
259 207
260 91
261 206
262 227
263 212
264 203
265 256
266 230
267 232
268 211
269 243
270 117
271 84
272 264
273 256
274 143
275 60
276 82
277 154
278 257
279 166
280 164
281 195
282 241
283 205
284 90
285 206
286 199
287 258
288 271
289 66
290 219
291 75
292 250
293 137
294 158
295 262
296 154
297 186
298 145
299 101
300 68
301 243
302 155
303 285
304 251
305 241
306 239
307 302
308 159
309 47
310 267
311 152
312 161
313 171
314 164
315 258
316 242
317 52
318 270
319 132
320 194
321 283
322 104
323 304
324 287
325 287
326 254
327 309
328 289
329 267
330 45
331 74
332 326
333 266
334 296
335 334
336 95
337 75
338 59
339 162
340 161
341 171
342 311
343 88
344 140
345 167
346 271
347 294
348 92
349 246
350 195
351 201
352 340
353 330
354 151
355 338
356 211
357 119
358 240
359 74
360 272
361 175
362 344
363 128
364 262
365 49
366 360
367 96
368 340
369 265
370 99
371 353
372 210
373 318
374 188
375 180
376 82
377 332
378 244
379 308
380 254
381 321
382 200
383 343
384 131
385 379
386 193
387 311
388 156
389 292
390 158
391 298
392 308
393 320
394 351
395 121
396 209
397 175
398 136
399 323
400 282
401 384
402 353
403 189
404 316
405 244
406 285
407 138
408 133
409 198
410 209
411 187
412 302
413 268
414 145
415 381
416 385
417 122
418 395
419 410
420 163
421 386
422 68
423 167
424 203
425 217
426 192
427 156
428 298
429 408
430 371
431 98
432 199
433 416
434 191
435 178
436 421
437 231
438 128
439 306
440 377
441 398
442 415
443 225
444 338
445 422
446 319
447 377
448 279
449 270
450 148
451 196
452 450
453 95
454 400
455 162
456 264
457 296
458 185
459 66
460 216
461 242
462 273
463 432
464 381
465 185
466 368
467 456
468 193
469 320
470 334
471 356
472 214
473 356
474 147
475 352
476 443
477 354
478 383
479 467
480 372
481 461
482 379
483 373
484 237
485 274
486 464
487 349
488 69
489 309
490 432
491 257
492 293
493 238
494 324
495 294
496 467
497 108
498 337
499 409
500 445
501 204
502 378
503 430
504 503
505 152
506 304
507 434
508 300
509 281
510 286
511 88
512 290
513 357
514 378
515 194
516 365
517 466
518 281
519 426
520 239
521 210
522 151
523 208
524 291
525 456
526 465
527 269
528 321
529 375
530 415
531 424
532 410
533 414
534 223
535 273
536 481
537 228
538 465
539 387
540 129
541 529
542 98
543 408
544 275
545 286
546 178
547 318
548 346
549 181
550 138
551 444
552 261
553 525
554 255
555 533
556 440
557 297
558 552
559 539
560 130
561 519
562 280
563 461
564 326
565 505
566 250
567 279
568 219
569 427
570 291
571 280
572 406
573 93
574 422
575 266
576 393
577 146
578 564
579 306
580 437
581 259
582 550
583 360
584 301
585 517
586 85
587 226
588 462
589 582
590 413
591 343
592 436
593 544
594 392
595 330
596 312
597 448
598 188
599 595
600 457
601 540
602 121
603 458
604 457
605 204
606 342
607 186
608 450
609 284
610 122
611 522
612 540
613 140
614 369
615 150
616 480
617 391
618 522
619 282
620 592
621 496
622 165
623 305
624 511
625 513
626 118
627 225
628 526
629 516
630 332
631 571
632 348
633 80
634 505
635 274
636 165
637 564
638 614
639 233
640 521
641 417
642 358
643 620
644 507
645 507
646 476
647 323
648 261
649 226
650 454
651 498
652 490
653 174
654 493
655 559
656 357
657 382
658 245
659 404
660 623
661 365
662 322
663 509
664 373
665 479
666 293
667 316
668 380
669 640
670 288
671 390
672 477
673 455
674 385
675 348
676 550
677 475
678 650
679 240
680 403
681 515
682 469
683 335
684 215
685 288
686 297
687 187
688 290
689 190
690 498
691 618
692 527
693 567
694 182
695 333
696 473
697 301
698 451
699 612
700 645
701 113
702 442
703 405
704 246
705 633
706 647
707 539
708 401
709 691
710 561
711 496
712 502
713 406
714 337
715 479
716 554
717 114
718 633
719 606
720 501
721 681
722 695
723 220
724 549
725 579
726 445
727 394
728 409
729 401
730 718
731 559
732 361
733 620
734 591
735 726
736 549
737 471
738 420
739 514
740 236
741 393
742 523
743 653
744 347
745 192
746 183
747 500
748 517
749 299
750 740
751 459
752 147
753 576
754 544
755 586
756 608
757 460
758 541
759 556
760 371
761 755
762 451
763 657
764 249
765 500
766 732
767 426
768 531
769 597
770 554
771 551
772 705
773 277
774 766
775 525
776 635
777 593
778 556
779 441
780 126
781 423
782 342
783 557
784 355
785 470
786 713
787 682
788 763
789 588
790 695
791 532
792 652
793 733
794 656
795 742
796 521
797 594
798 611
799 795
800 331
801 783
802 711
803 607
804 506
805 99
806 183
807 652
808 715
809 555
810 534
811 277
812 588
813 463
814 473
815 92
816 628
817 398
818 442
819 447
820 701
821 433
822 794
823 778
824 511
825 394
826 809
827 434
828 283
829 783
830 235
831 276
832 453
833 366
834 810
835 480
836 688
837 595
838 607
839 770
840 341
841 570
842 702
843 200
844 614
845 772
846 201
847 215
848 567
849 738
850 438
851 709
852 380
853 847
854 489
855 796
856 444
857 831
858 468
859 625
860 617
861 486
862 709
863 487
864 651
865 462
866 561
867 593
868 780
869 751
870 773
871 677
872 869
873 627
874 793
875 493
876 490
877 396
878 850
879 755
880 776
881 780
882 872
883 325
884 420
885 421
886 885
887 777
888 245
889 689
890 368
891 504
892 662
893 503
894 582
895 536
896 466
897 732
898 623
899 230
900 407
901 642
902 591
903 528
904 543
905 782
906 576
907 577
908 903
909 772
910 419
911 696
912 228
913 594
914 662
915 884
916 897
917 649
918 232
919 412
920 731
921 867
922 492
923 437
924 681
925 333
926 163
927 374
928 494
929 483
930 739
931 449
932 904
933 654
934 861
935 731
936 502
937 701
938 157
939 653
940 647
941 509
942 383
943 592
944 853
945 392
946 599
947 781
948 857
949 217
950 676
951 481
952 676
953 693
954 898
955 839
956 670
957 931
958 789
959 624
960 893
961 677
962 788
963 317
964 809
965 660
966 753
967 722
968 661
969 939
970 253
971 425
972 146
973 910
974 235
975 470
976 898
977 900
978 310
979 418

